$ANSIBLE_VAULT;1.1;AES256
38393865623362613839323036333035643331343434663732333962393466623439363334343963
3438626130316639343330653933616130313566316536610a663733306338313665653132323732
31303036386663666132366262306335643237333834366639376361353735323038366236373736
3737363033303766660a626164383434363962646137646262343439363738393531316231666130
33653362373861623832383561653933653963393338373535313664633861326663363233356534
63363662343237323635366264356536633634643337663362306539626133623038626533646664
32376631343635376666633266363937393164366234666165386163373933376164316630303139
33373234386334633661643531636436353934393561383464303165643638313134643737363666
63386362396435346334333765376337663232623161643130346438313438363038653461623633
64653033303135303835366666326161396132623562373465386632646236363231623037613264
37386633326565663930346632386263363735616537313134333633633164363564366537306233
65303937613634363635666462373235636336383261363237623137326532626238623461323831
63633263363138663733373132666361656536393832326534343739346636323038383566643630
33393036366365333262313363626235626336386133346433313831346466373434323763323239
63373264623631643636363265663663353937396264373963646265333065383664646239313433
33636366343663363961303164613039346238396531393065626130656366643466376164636162
33643563323338306234393538363566336461646365653930353439383064343536353739336165
32616666313166663234663130336331346139356330353462333761333264383230373631653335
36313530656631636330393231353137336431643539626363336635316362363866643330376330
31313762623237383132623035346434343763653463643837366632616464656262643934376262
38616161623037356230366432303639326166316134373061333636316261656636646234663565
30353332616564636637623833363161316364323266613163373061383462313138393966613336
64366565633763393637393730656266663531376532656334376263623862313131363365663130
33396130366264386638656636383365333162333436646134376265646666343133376264356463
30623462653334663034323562613533613265656464393961303036353730373362633836336663
38303734373736313964353930356266323134323961393630356336663366343034636535303436
33376230333231383432336666303834653338343830383431663033623464383634346162656565
37373932363865323263
